874
0
342882920
1591434035
1345838133
174652207
165249455
402255023
1084576657
631403574
146631911
2106106064
64738354
2049880319
1929701924
274749884
1058829628
1322968627
746613760
1709382568
1680145749
459964818
1496899508
1867134808
976784701
21696410
1432802195
1818675596
689348752
1000562357
972298055
361113701
1623926945
511438598
1844989682
666195873
621038429
267431174
217215023
1244583925
1192974385
1198334742
1486451415
598561496
1751850989
59590246
1492729708
1115998453
712211990
206426433
878618539
624206963
1578071528
247571319
1755469366
1475866735
1575732364
549872994
1142239352
202653836
261736000
386323978
1035985715
372189669
424460886
1158330883
1202904170
1271082649
622950338
1509111994
1159730030
1158520511
1549830798
1879431233
770657647
2086683796
2055540577
974762846
228817078
810259831
539922956
466623006
579875535
586082988
20064016
78476645
421410446
186728007
1342627225
1115108345
2019562311
669394139
646898345
1765559110
1339973999
1555713816
988798533
1682404418
168727424
2082325688
961930240
875057278
99877179
1382209608
488755825
1876611626
912785099
63974427
1175303233
686227286
1921365852
925028628
915939206
1120249843
617399130
1611360691
1893285317
760039618
199407171
378525669
1001685670
1015260481
1747160456
1156079457
986739674
648324429
498681404
611209220
113824917
1622153818
1656066658
2000934761
722413897
1756269382
649732636
670099608
1341863873
220994819
204527192
0
271568101
0
206359951
1868179488
612625326
77690651
1831572263
1795946328
1756053080
21741946
1177403983
2006525356
322647269
1010243342
1653147191
706982132
166395488
470804631
359527750
0
635907429
396150611
325957242
734866771
417272888
154373938
507696804
1340408101
616678220
1784271034
1660787306
70516273
1409169256
734435146
51768183
911538560
800536116
1958633494
1474152898
355860281
1643210853
918997398
1665088951
987738996
1276859773
872652886
476016499
1140801220
662462856
1981519479
1710082396
1721898960
0
555786682
878861650
572250873
237268557
1536557582
152640631
747027336
1382856105
609198446
32330643
732873632
1779846642
2143910610
118557390
840945356
1452058924
785493130
1096143435
1605597380
184171802
0
640733799
1608383440
594756908
594132758
581824687
1787664284
335316817
215658130
813930468
1743087152
854992693
467507105
2126507720
511344163
1741167210
1682984174
1589604843
2034115159
1558673452
1960112546
293751803
1066969980
0
541242533
735451587
1343132180
1177873262
1591002122
1777916879
1315596368
43990162
1673905534
26113364
361526576
812059358
1975667194
1215403039
2128863872
2125901113
229909439
1082487911
137881176
0
2031480673
1658252450
735375563
867142242
1034017245
833702510
180293205
347023566
1973499313
1843820543
9452368
1229582497
1219454738
562313427
1276537596
2096593406
94309713
736016474
1605595912
2099988288
334380719
1826177966
553442128
407768956
972104243
1168729499
2031947571
1207506784
431130871
491265630
1607945220
1579039421
771952827
1779026155
146725736
1261645677
1707153671
1567089990
541587912
1199555012
1068794299
629351267
1838285939
1313673445
891738162
1763516371
141520263
1246222844
52498771
3329202
1009448521
328599089
297213453
1243793102
444015277
404622284
904217970
948399824
258804107
433795081
684858938
198389563
283464279
618653377
1418863675
1608296066
934381187
708328400
506394870
2128340239
983099320
575021532
1634468614
1840153138
1118284536
595045674
79675309
315958684
778673005
1906552348
98762242
1311208963
1581527563
707542573
1579342130
1711172535
1547671468
800308549
370122075
745980818
202791817
446435061
193481906
1281666302
1908938989
1526041822
439851899
968596791
0
1068998241
1158843898
361181279
145498432
430656877
558260115
1855855176
2047316800
473277569
1152533614
1319549259
2089008916
418670422
628237598
1509476451
1586801020
1289703897
1420878394
0
8651400
978164358
2102449406
1959339279
825737123
1693657386
2004822106
323321787
1991263765
669644697
1404454366
299333128
1589159859
1680153261
224852474
1538773294
1739652956
536175860
196397417
88268120
397348507
0
0
342393939
113955517
1829188390
1161115827
734979867
1680774412
1604433309
430941693
2027521619
0
56879889
348538814
1073802995
1626762248
227908929
683085263
725544231
780215560
620782029
985307841
1169155683
1630652928
365343249
213136058
376904307
1095348528
496762001
1739226697
1624372818
949600577
1701277952
122666354
552247342
1715408888
820306793
1880556890
1266507826
920938225
2062360488
714170398
659105534
1188133005
1374540225
464929889
1700274823
1908177617
1361183640
0
1747953167
1658415628
1550154089
2120913426
1880400426
96875761
1625789632
190462394
1055630319
157476757
1675989222
2128823011
2093317007
1308723883
0
1000416090
1146891535
387068292
1340055269
291618683
855278208
1571420772
758389281
395488575
1876066567
622124909
0
875947466
674647082
945537624
2039289538
0
818832779
452789228
1111694833
1484179198
140450112
0
684212728
1263249966
886815230
1437135045
1418972852
0
1543005296
1746331008
1649210269
533778710
125024491
0
1931441441
1823228505
811308400
511199171
1969122321
625875426
1105553772
1462603991
155199669
1791368499
917356675
2032851520
1817210957
2057324030
1907967679
1654919591
11026918
1773989994
1063978979
233575131
208029688
301104005
0
1578099557
1667105182
1851290574
983218855
1727504779
1838578824
194433442
902301631
809192749
1355428713
1891364721
1445113250
1142754851
1627505669
936515046
625689795
1843936224
2134906246
622148097
760523451
2059183803
1293894186
145381978
782313751
486764928
1991137285
14344545
1050522327
1337546060
29692401
1579082551
1566578951
1829290431
1995909485
1160854289
2053886080
1119331744
2078321625
1680122406
421612443
789418456
1924221785
1458473538
1467072483
1240293091
1624164536
0
410881854
2102637437
2069714830
555215854
1577870039
1474484249
184688768
1860564262
1845040803
1931489063
818251429
0
559559679
1896937321
307073009
565357006
1259244859
138738104
243635990
606416187
310111448
422253673
1296234264
470746114
593999644
1111119688
154735697
1001040578
1511117888
6460732
0
441173495
575501836
1385811045
449738102
897135779
1074849187
2101891104
1550990093
0
830619758
459632904
351806397
1285741638
0
1887512587
1373827112
744627815
946399367
1277425236
1291903129
1787385835
2033788586
745747684
1150666522
608445759
2000857028
53260957
628744253
1600035995
1533625779
463419123
36624009
1929121405
889029894
1114081973
953791713
0
1008978602
0
467274056
1330643213
0
0
948048518
538032043
0
366178697
0
2122398682
1004825134
1118629703
0
1816602390
1676287122
1127224320
0
658058079
353201228
1742585903
1822710273
1225979873
1337125408
0
1679473392
748714778
1571343487
1484443624
1564544057
1880083131
1237191995
998470212
971338085
33977901
1028704174
1190144452
689730622
1208801643
704480911
0
1433714537
439359495
210182870
120439205
302600900
138220771
860832688
2145493600
1740447645
1488595759
1235007548
787000680
469967566
637741854
2134941648
1109703744
885316797
1944636774
1117860823
1108216111
1767308444
0
1762400643
620572508
0
472353590
594130964
218542397
0
1846060842
649892186
0
0
1889600815
0
525333956
1858340566
2079176094
1686830194
1567753204
1164068042
2048885798
1194265550
0
774134689
0
0
2116562144
1505165545
2124719687
896135348
0
652294933
1874134361
0
2113252771
1052828725
2096338530
0
2051051263
0
814572446
1326723535
573683216
0
221574381
226290067
2083494788
1699209001
0
1542042451
398036208
0
0
1844557371
0
0
356152942
0
707268156
1491237362
1608547466
566564551
1572707757
155610009
938518462
1275950659
25560412
319294144
342444909
2088590683
385094580
2055575724
1581519882
0
0
184900512
1936181666
857090406
332229965
1807101094
1888900978
24834127
1628181777
0
1722948362
326764750
217848439
672001390
253763538
1146711683
1126991196
149844584
1851700938
0
1785717565
0
0
1229064496
1350026041
1893207202
0
0
949241284
0
1804107862
877291995
1905233699
1609596298
1743528423
1020297916
2135910687
108954689
0
260446575
0
0
1531120991
1145592140
1670702800
1369943021
2002849374
1130455495
90615657
252683361
185388218
1905552027
1388544352
0
651656897
0
15107864
1898420685
390676071
605270958
631303796
1062418478
1261668353
0
0
0
1190649946
350713012
0
2144497521
358420747
0
1416330579
709307640
649850607
511152356
1744737008
1174394788
1858915779
307370938
1720068408
305853665
1981468294
0
453486304
368234582
1608167994
1806535195
1184934704
0
1612751998
464628484
1644984967
0
284761046
1489724386
384538939
0
0
912880487
667587976
1168140001
879764947
109181840
0
0
1002951591
0
68842704
942652708
343324729
317265922
886311561
0
869970566
0
592245519
0
1581640571
226796787
1156583304
0
0
714105831
1635551199
250715717
451992754
0
0
1496733037
1389676919
1749819035
938889253
426682806
1291394273
713328560
0
452564641
1358347615
257605319
0
736743897
122453883
1318180602
1625823176
2038243400
0
0
0
0
1691844899
1489642610
0
1133569306
0
906778799
1083451485
1203275917
1787131522
0
0
1587760021
149421813
854582795
1214974332
0
1557472331
0
0
2066530877
424324423
487122315
953314504
0
0
0
1760387996
0
0
1669744606
856698605
1533387012
1003645419
0
0
2060940986
953305207
1993718591
0
999875372
245034218
1190415248
663998596
855020330
0
54575535
1170087020
0
0
653592875
0
1662716114
1558487098
1191665404
980101152
1813978292
0
0
0
1030302841
0
621641310
1782975412
650849525
0
1337424675
1612879736
1764648877
0
1170988571
123497180
0
530561651
1946080027
0
0
0
0
648203056
1443829868
