825
1098953292
93071078
200873414
648566268
269766496
1431853481
0
245083467
0
294844341
2008144382
1488040527
1432592488
1352256343
0
0
1868059732
763833501
1055073878
0
1655630456
740759073
1532287706
365454635
1915161580
1092965029
617314190
0
0
1713848537
896560892
336752213
909915364
572247669
0
244429119
1797259091
296837049
1724162337
291514835
12658428
335895381
95657766
750160967
174124163
1390729607
1340002188
446643995
1345657692
0
1161391861
445314849
641315062
1913587153
748546025
0
964750508
329922403
1418569022
54275007
201565280
0
1526176937
1535414640
1876123927
0
355836470
917953231
0
1516319545
1447191761
0
964536932
847316981
0
434681879
278885512
139232698
761844522
969637808
646104644
1625242549
1992134573
6860887
0
1783869386
0
2116511979
0
1518254717
107927286
126694855
542727032
181750985
1901387010
676432963
1570548831
77134941
1475745238
0
896707107
543767249
312014490
43745456
948105092
809612405
905793549
819694401
1437175448
1746159713
1190307412
975036867
690218660
1925851909
2066328374
1849795599
440690379
284380777
1085440396
1904701051
0
1724667197
910952846
1219036812
588255104
0
1820780482
1466331752
1816764700
365517499
0
0
1588189259
401066743
1535425906
0
971969420
1246978325
860266942
0
1944824232
346613889
1496777425
0
1818034484
0
1546648197
1403745537
484051579
1492507881
1504787426
563108579
856524106
1438766005
1218065918
1376932508
976969195
0
0
550243379
1866576092
1340803278
0
0
2050109795
168618858
1959111898
0
1966775727
0
52339094
789020127
0
1156844858
1873140874
1811610936
814417124
1121063077
394734918
141246759
1025392952
0
0
200899208
1843518756
808601173
0
783955404
1939734040
711708554
0
897986792
571051223
90331813
361310510
954812775
1387998576
2092093321
0
946749019
1484651436
314487061
141268462
1258689111
1894758256
1092874178
55681196
542230200
0
440228566
1712662989
1486635679
818028072
1874884833
1805814690
1727444821
251169375
0
2006194776
1091263519
0
1471315921
932669618
1423140768
1270549252
840839853
1857040832
163914359
0
394452209
1293574122
0
29009311
1456191741
1814948478
0
780035894
239328921
0
1781607531
0
1079457955
1870285022
100151695
556609760
799202967
963820153
977889971
269667468
427104317
1616405686
833421711
603892544
0
1807764633
2066041035
1884226972
0
1006082862
1818812103
844852939
1546249009
2125586060
708287251
0
483104078
797489190
1039795180
437688184
1123144745
650847954
1463233803
1058844180
454844630
251760142
1277525903
2098782848
0
1008347154
0
101573388
1181451254
0
159575759
1541082912
1116044177
0
1407973363
930760178
0
2136052990
555425351
0
1407713095
673133498
1898172099
406414548
1419219131
1104415750
829763593
1147385968
1206230609
1029627697
1405527235
855296732
901273557
0
278422999
393524627
692103129
0
512169619
0
355904413
939398894
415794823
1000866720
137922105
688567025
1867422387
0
1422362926
1729928942
547484575
1008329379
0
549869961
0
1269467876
451250309
0
759800636
257122115
1904158809
635132820
1249949851
1880527396
1169338485
16892613
1723854903
1576430443
1305177161
489883098
951358259
1344203708
0
1328135502
1766282764
993068646
2001106225
533216100
1100421987
2054901962
127442837
1310015366
1697492319
840326784
352388193
893420522
560226760
0
0
649515757
667460495
1272223536
583879937
488097244
0
1490732956
0
121776237
0
0
442639743
1853870185
2091592819
1054313071
416125254
236508606
1649187215
779611035
849343522
142912338
1017781920
1064675372
2147104198
904823366
965135711
380169475
1930815690
733822089
1083776909
852464343
1214364494
0
1486396031
2109903120
50376609
0
2070180827
457258468
1119612837
1686271958
2015805804
989744824
1569158025
2038368034
820137704
2002633540
138303909
398631710
1867864647
527578443
1276944961
1452809770
1431457379
1390637132
516451317
2054724904
305365455
1429089339
13064353
989673273
0
1922976124
1291779805
1655330166
315909919
931118563
1439136314
1249982298
0
2107879500
1320852998
1124372680
729519335
518942048
32066753
0
0
1802663772
1063314838
1568630344
133741476
0
452693426
1869227801
500444147
1288601719
819341173
1216976653
1487843551
763911776
0
0
1525653379
233894279
1155784029
1338309622
0
2075936896
1949250858
0
1766786939
773857220
0
711888206
1333020129
515542216
0
1172150681
1491978200
1324039748
898335685
1992532214
1650557884
1051358795
1476972698
126044338
0
191323879
0
981051574
1858916815
0
142616441
1408064642
436802875
693528956
1979545661
376063750
1204973860
848061768
605482585
1499095434
1409048667
1416495356
1715414101
0
1783624791
95486512
1639290
1405852890
1640320403
300992738
1225289717
2103071246
134778663
1062851640
1398953273
0
1988905803
1022005004
0
0
934990833
0
1803074137
0
322509059
612381660
0
1361436950
89830719
256835800
20745289
1425610050
1635046955
1442407508
1998821725
1268969566
1985581575
0
942883951
0
1285462379
1891534748
708390957
117461806
97438287
321727608
1885305769
463374562
0
1418587532
766162493
815107984
1780853951
770850160
836276162
0
0
1062117236
720497837
735062510
926495284
1800289768
1476318265
755031818
0
1750913647
766166422
505861621
2104666127
1255068795
232097441
1728011138
0
975353495
1125637283
768831518
426383
382220987
653523039
144698433
670376323
986060188
1025413558
0
733884271
1891810240
2111741545
1969171322
2088526251
2016792036
1551641725
1792733470
1242341751
0
1564579079
534475642
786659285
1906797002
56738621
1004630413
1756706004
1403477848
498636305
664755378
1320984211
1980914703
1611505157
0
1590681007
560023112
1787025577
1726937826
1490140723
446704719
1688770333
2102361957
0
1200825811
0
1839255330
887544448
1347257746
712697685
924086910
2029449028
870060939
2086034289
1677786033
1665174544
1076627172
1453308445
1017272333
853522191
1250907203
0
0
1223681597
485105572
761394965
1563531509
1948179279
1742415838
1614150425
1301603516
540360240
498735690
396932845
1197503038
435492223
1985138347
324121113
66445185
1837214077
1014176378
1725315941
1545273613
861650452
1805025502
0
1553590530
919395099
1367990404
1110797005
2038245654
1579273687
18934848
205976889
877365962
1533185152
1331078575
854147501
0
1195658748
0
1262609378
0
33396331
1325329372
1010401501
609407597
1911849945
1032943931
1508925890
552945793
402971675
70288071
1616732811
1387169742
301939633
1021513408
1019066751
664971521
1249848675
1225597692
1312140523
1955489838
0
0
1580314505
133337946
633980507
2133455519
1408541462
1609193774
0
1507038200
1410628223
1466447874
1981541757
0
0
44134678
867901881
0
1706721946
1722051042
109178957
1520006191
0
0
830841495
190436632
407072097
806244546
643844200
1410327220
1924041525
1990834158
1995378167
513142656
66096801
1407023162
1432292339
1428813676
935043709
193824317
775988801
2061881824
1356338457
1784497292
1429155288
1743728588
0
270293750
0
611346672
1333408850
0
436733056
1145568444
1862336022
0
0
1212046632
1329109081
1171501594
360539331
1900030442
684077237
843112558
1166505359
325796619
1571104583
1039746466
880720459
723988434
1206452059
0
0
0
0
636968602
1256360472
270129695
1450933709
1763959061
0
55116600
0
761355434
2075864667
799310316
0
1093263221
1427935375
300531126
787197322
1178026978
0
283961082
0
1528341382
650406524
227595944
0
1987405466
847397664
1935111684
2120829011
816371142
977093919
1074354091
0
0
1363454973
247602164
250870005
933189102
1652601607
1130431307
60797753
859386498
6457451
1396403759
766532485
0
1294119063
112901392
941099601
0
0
1930741543
1735027526
0
994634479
678187256
375306033
1593311953
1667293267
1026073812
563260051
71735190
1255599967
864711784
0
0
1590143760
427288396
1431702037
1107575318
65371844
370324840
0
0
1625110480
0
1217280742
577563246
1255953111
1462109256
566867225
1545186234
531251467
1694797922
125819781
0
1993914025
677799923
1936968417
991798481
712725771
1699192684
1662059309
385457230
489704343
1535536720
2054240721
0
668396373
1550279463
1189097222
0
1780651519
711980784
1017861322
1073143378
809063203
1492604636
824179341
108866181
1881452231
0
656637986
1633680545
1174190203
0
49887677
1067324366
1588336180
1399577939
1559315177
948103330
0
1715536780
1253908365
1765350629
0
1628556104
1780758730
847476114
0
721475436
516221747
1259973464
1600190783
1721946555
1951646705
104220842
2034901947
1458030418
0
0
152125967
103566411
1276839913
1455339418
2013013043
888967212
0
1297234182
1930716268
1073162664
0
2026617458
84455179
324267204
819714406
0
1798420671
841649816
2092918418
247953250
2030365080
360291556
581306997
0
1960625991
1460214464
1499321753
0
1518906115
1351445439
2037087485
600701861
1576661111
728207403
270260367
0
1311271875
0
149039750
1262529630
239652404
1588319736
578968215
662383762
0
325129636
111213093
23757462
1923428551
1670001584
1670870001
0
0
1735146839
0
0
0
585049560
0
1611117673
417247683
1430185423
1137905005
491295797
77452836
0
1686559113
1271452594
1915574240
623490228
1294886661
0
1130421495
1563579504
438247033
629755698
0
1750411660
1484571573
662965349
459079951
744870416
944706729
428295665
995413579
0
0
907709349
0
2058151432
822303442
337955298
1822775235