904
1038006358
1162183879
1233475091
856379050
547624893
1290717795
389017424
1392320537
1203898953
385897159
247212801
399125061
1370206290
1060284283
633558440
571897897
408072489
116230007
1675607044
1464756693
627393562
1506358260
43913832
0
1832504553
1258537392
346123649
1315358605
591796165
1226210950
2118257304
2051948300
465531267
840600456
0
1662504909
930139413
1437718339
1817927607
1165214430
1170034857
1796181810
370880369
1267153170
1733062898
340500075
0
1723885297
569920622
1423278184
614495713
910272733
274386802
1820285099
2057102119
789923137
1436568198
0
165932089
164690541
1014578647
1717208670
1409390103
2117470108
1411584958
2090646288
942728044
223456746
2029806666
215859171
454153157
1362547297
949567094
0
1700629739
0
1478379378
1288630651
1949444792
1012785817
2127494801
1528579434
1481576993
1233577909
1463910271
1512555678
951006296
1748136686
1063425542
829012434
1161199993
1345663981
828370322
0
1583190536
2071098268
0
287593679
1951758467
2076722717
1748457058
217815499
2087657080
2103260097
2135579649
0
677528172
625944357
1548224426
1156572891
1453414952
1589215641
894116579
1816427791
290465196
188803245
980008274
228716310
1685878989
1147147017
1918365462
675861024
228637515
1862246061
1770901727
2065899164
1355836341
2012568385
1881987065
779176330
1296579995
1638322445
1314460666
933129195
160817368
153546705
1545441315
0
929586660
2051703285
1070649186
310128700
619349176
1357853734
1467495262
401257575
0
14437738
267950794
0
554155680
1519637022
824516265
1281707034
606983444
1794848664
1628289314
2011680996
323323152
1251223409
1096475982
777332919
2131173385
867866613
881354906
642897780
0
867218601
1936311166
0
656717865
428908770
1609762925
546320804
700361736
374314854
2039033062
1226875632
1220341267
1062621586
1368975407
1537726316
1906561383
1296599508
2042682513
773185680
326960508
296383882
773644082
1497945420
1910703119
1296990644
1061258691
279677303
1989336843
1121017813
594728746
2093497763
1573176928
212641604
2139130075
1293469304
0
1750848837
787459274
1620809947
1358252663
130723350
124131846
4350975
1112038748
1758478581
0
96756564
1962078823
499350686
56667638
363980288
663802083
2115751008
1738150591
696217662
1013417943
1944525497
1925115057
386132016
1885428188
767179973
1776903615
1752484011
992555744
1241023766
804952870
178117207
1746675644
177636821
1166642391
1146229492
53197928
118694356
427296209
35695255
2145340667
170904325
1135377789
1170828251
408521040
1503424089
130142534
804938599
269980283
871359194
1123569994
80588934
0
855898553
1823140046
386060399
533629345
1777141042
1574880994
1854111068
643967256
271256385
770744038
2127323415
551289004
149123728
1639118602
453862291
587150416
1125372193
1585285945
89261431
2008650283
1717391789
0
1974990579
875739512
572609206
1109720126
1123190842
1575409417
263245162
0
1828261123
0
96051849
1356895094
35197568
1741540148
0
384313130
139666123
1271872975
69534286
1853477763
475465472
0
1118262141
0
201218931
922885719
0
1417503982
2114765479
826031004
2105617818
791721842
28326196
989435392
2063875982
0
203080039
1273597476
0
1802799589
1052677323
1036342477
66059033
368927123
1664006583
0
1515099872
188386738
880464708
1451258696
74025220
834863945
400094455
497338027
679337090
302440842
1598263220
17010672
1264128257
945262337
55346359
0
1966130357
1432744642
0
0
1138507078
1190813902
396317114
1569774211
488003872
0
1620389995
1037184959
714123148
146611766
1554081015
1175131083
284129330
1313767586
1682382083
434163375
0
403473038
765663050
0
1848780997
2060064722
566804515
313671472
20201833
1067824910
640331383
0
0
2123390399
1060788294
20763367
0
1841187606
1922247711
1499269276
0
594870026
1305168363
18012477
1462239273
0
1417102071
1811142417
0
0
1461622171
1430964136
1994031742
1645639281
1455495927
0
169221586
0
1803095555
0
162766209
2090628902
981272319
1108446844
453112018
12052973
1003636318
966373543
1679554073
2051815345
1755957199
1608256124
0
1165835127
566558844
1794342304
2077567153
411239166
1136005599
0
1753542706
1920015565
1828054163
63784528
1035109801
333679830
1390682256
1514639937
2046592461
924229277
1159913860
1453648984
1752286193
2119696582
1142937818
3965500
1019391181
0
352816414
1165532848
61153137
555691105
1687920199
540752651
1840412272
875015813
191683622
0
1811737545
1216445257
84724727
2120369924
1896893285
0
1064169963
1664845431
93411550
1632676601
677669224
791475633
1023569992
543352522
901281126
193266687
1004478068
1369739321
1086968842
1290958051
629695621
138083778
2114706011
169745360
1736538246
0
1900106495
70699651
733457474
929999826
2084084371
0
1088331841
1263382342
563092714
576083276
2083770560
1900037210
362843222
234353240
1940786473
572451174
0
279185403
199516141
1607986250
363865030
1889613407
785352145
1750229651
911293184
99421164
1109122109
0
102613155
1872331232
2112546553
0
0
0
0
1432936431
976905323
1159336536
376360401
1209990929
879917767
1789955164
1803809485
1659547170
0
702120776
698952153
1106769233
0
657291163
879099845
1637483423
353562795
211919656
1875712796
154596187
1718151183
808246796
1061032973
789692634
389348940
1750851751
0
2047784753
53712312
393901988
2007002176
0
699109187
2112295653
484097052
229301905
978444592
183705313
961779466
1968467370
1667336699
2107651776
1242137865
847870430
466450802
709663329
1090967424
689403693
2141176772
1981194551
1954848833
1516006161
2046344520
1810004860
1609312557
1184633986
1274649891
953745415
1394906142
2091516174
1415503143
36961844
0
137051397
424698782
1651752504
626625556
1125917270
271476559
1871737187
1983459664
1333804570
815937316
1352568079
640244750
0
1616562042
824623996
2116806128
292934149
342177934
374417192
1133102910
150647814
666695111
1403606339
82504264
872737381
1893206995
412081584
1266979796
844846059
1596174776
1282079588
79650010
1985106757
51511619
595276917
0
1790906430
0
322184731
2104126258
139650346
654618772
452884071
201035113
223017062
777414808
1205481177
0
301050231
244296446
969684365
1878617294
210374921
0
0
951999869
443751802
1736449030
1547454248
1863040926
560878409
1441558863
1343798228
1062457869
678863682
4061886
1667697607
1112449889
172546518
1609527815
1460503316
1013556669
2050789679
1457489532
411091288
84852892
263437163
987810591
1884472545
860014677
136826645
0
360759039
616791769
603015078
2084830319
1557932139
856147685
993914061
1725297502
178615871
1669055697
0
1847458263
828218116
253569426
476404719
1555006468
0
1475681478
1179739022
497671423
9784187
0
1567026826
1200115084
1690208456
954367921
1026068833
1273975935
768195979
1692551469
57273210
969056763
1656484487
409665705
1188395286
796274127
151309980
1054421898
1485760010
1274661867
1485901469
83468388
39397470
45385631
703237897
910398477
44385829
1910512003
186270728
28303988
0
2083337559
0
243196637
610833429
460451868
1518257487
525754649
1458148446
651098072
1426186571
1533071706
397234154
1995720163
798847055
1334595046
1742815307
1868369599
820800881
608741224
1736977498
1407402164
1853205381
1323930545
58606329
308065146
695388300
0
1095227890
1181374548
1533896885
191562137
295465433
2060951271
1431005620
977285429
1091372655
111825843
462134029
0
1116297825
0
1071371980
1700834989
76323461
1443963844
756833303
1005382822
484806974
1974494815
2042280937
786860781
1080505093
1085446739
2003761495
834767001
1187117025
153867503
497492220
1747130813
957075797
293018102
1644250767
1694729633
1504735971
1674708568
1236233084
1154513818
1482237122
1881706588
253775184
1262994521
1430281089
863888127
1724690033
15032205
1481945095
467755099
0
1420348473
234876817
1219792888
0
0
624745546
1062078827
904614456
251506953
1767082790
0
339471924
1525022629
428190751
1000783014
904912544
1807950569
572647862
1057318650
223182332
482923152
0
1604724707
944859015
317546654
8009030
0
593899252
581152965
0
1644919310
1900824632
2001232425
341361478
0
209543651
0
282839658
1767024731
1784031095
1461798796
595076150
828718568
1638461945
1819409861
3948850
1921234251
94078093
613245657
1904115142
1656536703
1336886785
1601458933
1371114599
1011927422
154423496
1974138057
607555561
1246294426
703119609
1687975421
199272202
0
1141037111
210336598
1190742582
923324999
607169972
747933554
517484466
1307528020
1706571160
1544790217
996998398
1169646039
1656553484
651769733
0
1442636604
0
2049304884
554255134
1099320783
0
1055077594
1448066370
361942043
23059416
949652790
1516476702
1182237248
1614338499
312889893
327468743
64798907
1533185951
1906386454
1864660801
994521023
1086594556
1232230221
0
1473157270
1658392959
2044063857
346920241
1972320194
866462057
1971723210
1762271706
746640803
0
0
836937310
2022888170
71996211
1757349122
139307767
1076856683
1890352863
1580918369
1892716601
456796255
1122886905
123667037
1510706461
561342531
588816248
733676321
841878830
1183418906
122660004
796760738
1930825626
2128940571
145970989
2107080713
749439134
1362165255
601836132
885218957
1395979701
303824238
980486912
80355657
2022376515
640285207
773359243
447180690
371576231
572188555
525259064
0
321529174
167440607
1598279780
1638352117
218874373
925568339
42776525
2002819049
1493479870
816553576
1460716793
920268565
0
198741004
0
1490205537
1497979161
966658544
926278913
736176258
32925293
1067361326
610305016
1618580606
507272094
255195450
767923380
977956658
717642834
535925596
673078951
1215510993
1161686246
2023402375
1465363707
0
0
1444041331
1615938823
2096210665
337833014
0
2062741921
1784268309
0
1001853515
102717960
1488097769
1086470686
237630167
768384721
648486949
210388319
40514107
257627264
1714845809
1649293534
1572311295
0
427488762
2139786533
1560909596
1095106176
1399999268